Scene configuration:
        eye=[ 1 0 0.]
        LL=[-1. -1. -3.]
        LR=[ 1. -1. -3.]
        UR=[ 1.  1. -3.]
        UL=[-1.  1. -3.]
        pixelsX=1000
        pixelsY=1000

Lights:
    DL=[ 1.  1.  1.],[ 0.57735027 -0.57735027 -0.57735027 ]
    DL=[ 1.  1.  1.],[ -0.57735027  0.57735027  0.57735027 ]
